30
3
100
2
5 3
[0, 0, 1, 1, 0, 0,
0, 1, 0, 0, 1, 0,
1, 1, 0, 1, 0, 1,
1, 0, 0, 0, 0, 1,
1, 0, 0, 0, 0, 1]
[1, 0, 0]
[0, 0, 1, 1, 0, 0,
0, 1, 0, 0, 1, 0,
1, 1, 1, 1, 1, 1,
1, 0, 0, 0, 0, 1,
1, 0, 0, 0, 0, 0]
[1, 0, 0]
[0, 0, 1, 1, 0, 0,
0, 1, 0, 0, 1, 0,
1, 1, 1, 1, 1, 1,
1, 0, 0, 0, 0, 1,
0, 0, 0, 0, 0, 1]
[1, 0, 0]
[0, 0, 1, 1, 0, 0,
0, 1, 0, 0, 1, 0,
1, 1, 1, 1, 1, 1,
1, 0, 0, 0, 0, 0,
1, 0, 0, 0, 0, 1]
[1, 0, 0]
[0, 0, 1, 1, 0, 0,
0, 1, 0, 0, 1, 0,
1, 1, 1, 1, 1, 1,
0, 0, 0, 0, 0, 1,
1, 0, 0, 0, 0, 1]
[1, 0, 0]
[0, 0, 1, 1, 0, 0,
0, 1, 0, 0, 1, 0,
1, 1, 1, 1, 1, 0,
1, 0, 0, 0, 0, 1,
1, 0, 0, 0, 0, 1]
[1, 0, 0]
[0, 0, 1, 1, 0, 0,
0, 1, 0, 0, 1, 0,
0, 1, 1, 1, 1, 1,
1, 0, 0, 0, 0, 1,
1, 0, 0, 0, 0, 1]
[1, 0, 0]
[0, 0, 0, 1, 0, 0,
0, 1, 0, 0, 1, 0,
0, 1, 1, 1, 1, 1,
1, 0, 0, 0, 0, 1,
1, 0, 0, 0, 0, 1]
[1, 0, 0]
[0, 1, 1, 1, 0, 0,
0, 1, 0, 0, 1, 0,
0, 1, 1, 1, 1, 0,
0, 1, 0, 0, 1, 0,
0, 1, 1, 1, 1, 0]
[0, 1, 0]
[0, 1, 1, 1, 1, 0,
0, 1, 0, 0, 1, 0,
0, 1, 1, 1, 1, 0,
0, 1, 0, 0, 1, 0,
0, 1, 1, 1, 0, 0]
[0, 1, 0]
[0, 0, 1, 1, 1, 0,
0, 1, 0, 0, 1, 0,
0, 1, 1, 1, 1, 0,
0, 1, 0, 0, 1, 0,
0, 0, 1, 1, 1, 0]
[0, 1, 0]
[0, 1, 1, 1, 0, 0,
0, 1, 0, 0, 1, 0,
0, 1, 1, 1, 1, 0,
0, 1, 0, 0, 1, 0,
0, 0, 1, 1, 1, 0]
[0, 1, 0]
[0, 1, 1, 1, 1, 0,
0, 1, 0, 0, 1, 0,
0, 1, 1, 1, 1, 0,
0, 0, 0, 0, 1, 0,
0, 1, 1, 1, 1, 0]
[0, 1, 0]
[0, 1, 0, 1, 1, 0,
0, 1, 0, 0, 1, 0,
0, 1, 1, 1, 1, 0,
0, 1, 0, 0, 1, 0,
0, 1, 1, 1, 1, 0]
[0, 1, 0]
[0, 1, 1, 1, 1, 0,
0, 1, 0, 0, 1, 0,
0, 0, 1, 1, 1, 0,
0, 1, 0, 0, 1, 0,
0, 1, 1, 1, 1, 0]
[0, 1, 0]
[1, 1, 1, 1, 1, 0,
0, 1, 0, 0, 1, 0,
0, 1, 1, 1, 1, 0,
0, 1, 0, 0, 1, 0,
0, 1, 1, 1, 1, 1]
[0, 1, 0]
[0, 1, 1, 1, 1, 0,
0, 1, 0, 0, 0, 0,
0, 1, 0, 0, 0, 0,
0, 1, 0, 0, 0, 0,
0, 1, 1, 1, 1, 0]
[0, 0, 1]
[0, 1, 1, 1, 1, 0,
0, 1, 0, 0, 0, 0,
0, 1, 0, 0, 0, 0,
0, 1, 0, 0, 0, 0,
0, 1, 1, 1, 0, 0]
[0, 0, 1]
[0, 1, 1, 1, 0, 0,
0, 1, 0, 0, 0, 0,
0, 1, 0, 0, 0, 0,
0, 1, 0, 0, 0, 0,
0, 1, 1, 1, 1, 0]
[0, 0, 1]
[0, 0, 1, 1, 1, 0,
0, 1, 0, 0, 0, 0,
0, 1, 0, 0, 0, 0,
0, 1, 0, 0, 0, 0,
0, 1, 1, 1, 1, 0]
[0, 0, 1]
[0, 0, 1, 1, 1, 0,
0, 1, 0, 0, 0, 0,
0, 1, 0, 0, 0, 0,
0, 1, 0, 0, 0, 0,
0, 0, 1, 1, 1, 0]
[0, 0, 1]
[0, 1, 1, 1, 1, 0,
0, 1, 0, 0, 0, 0,
0, 1, 0, 0, 0, 0,
0, 0, 0, 0, 0, 0,
0, 1, 1, 1, 0, 0]
[0, 0, 1]
[0, 1, 1, 0, 0, 0,
0, 1, 0, 0, 0, 0,
0, 1, 0, 0, 0, 0,
0, 1, 0, 0, 0, 0,
0, 1, 1, 1, 0, 0]
[0, 0, 1]
[0, 1, 1, 1, 0, 0,
0, 1, 0, 0, 0, 0,
0, 1, 0, 0, 0, 0,
0, 1, 0, 0, 0, 0,
0, 1, 0, 1, 0, 0]
[0, 0, 1]
[0, 0, 0, 1, 1, 1,
0, 1, 0, 0, 0, 0,
0, 1, 0, 0, 0, 0,
0, 1, 0, 0, 0, 0,
0, 1, 1, 1, 0, 1]
[0, 0, 1]
